-29 -60 113 -86 -82 73 -86 2
120 27 13 85 23 47 13 3
60 -59 12 -66 -125 83 -125 1
122 113 -71 10 -116 -44 -116 1
7 -2 91 -84 -18 57 -84 2
18 -118 -117 -8 80 -96 -118 4
26 24 -51 -44 -70 -53 -70 1
65 19 111 -113 -127 -24 -127 1
109 97 -21 77 -108 45 -108 1
5 -63 55 -118 97 -102 -118 2
33 -92 -60 -99 -38 121 -99 2
-122 -52 38 73 60 127 -122 5
-49 71 -107 -74 -92 -107 -107 3
-126 -82 -62 111 -102 -78 -126 5
18 -89 -68 52 19 81 -89 4
-10 28 -38 -65 -91 96 -91 1
87 -80 -34 -43 -39 -60 -80 4
13 69 -44 51 -36 -63 -63 0
-29 -65 87 56 9 -25 -65 4
77 73 60 94 -7 86 -7 1
36 -69 -31 -38 32 114 -69 4
-1 -4 -118 3 31 100 -118 3
60 113 -120 77 82 -10 -120 3
-34 -37 50 -11 71 -81 -81 0
-54 48 -51 -70 25 59 -70 2
4 78 -15 49 -20 123 -20 1
-5 -91 24 -104 -5 -37 -104 2
16 32 85 56 -11 -64 -64 0
-47 -8 99 -83 -101 31 -101 1
-101 59 -114 -78 -30 -84 -114 3
-79 38 36 69 2 25 -79 5
-35 -88 115 64 58 93 -88 4
51 -95 123 -78 46 2 -95 4
-101 -59 -41 -95 51 -33 -101 5
37 37 -100 3 -37 -43 -100 3
83 -57 13 8 -94 99 -94 1
-32 -36 125 8 -111 43 -111 1
-85 115 -71 -69 38 -63 -85 5
-49 -75 -61 -123 -18 89 -123 2
21 24 -40 -17 -113 48 -113 1
60 1 -22 -76 52 -57 -76 2
-58 -49 18 -29 -108 68 -108 1
92 79 -77 1 21 -109 -109 0
-39 -10 62 59 -75 39 -75 1
-99 -120 -45 0 -67 102 -120 4
-65 -23 54 -98 109 27 -98 2
46 77 -40 -78 32 -107 -107 0
-22 3 -35 -110 -100 47 -110 2
-48 -113 94 -7 -123 122 -123 1
-71 -44 109 -106 51 64 -106 2
-37 112 115 87 83 20 -37 5
-91 -93 4 -128 32 51 -128 2
-109 89 70 -18 26 -35 -109 5
-84 39 113 25 124 113 -84 5
-84 92 23 -76 -28 -21 -84 5
-2 -128 59 -10 -14 -94 -128 4
26 -53 90 -11 -67 74 -67 1
-26 123 -14 -103 114 -84 -103 2
29 25 45 14 -128 -104 -128 1
-6 6 -71 -56 22 -18 -71 3
-116 -17 -5 103 -29 -31 -116 5
-123 -15 19 44 84 -71 -123 5
97 -110 113 -79 -59 -68 -110 4
52 -26 -18 44 101 15 -26 4
-123 116 -95 97 -74 -91 -123 5
-1 -85 -19 11 -12 -98 -98 0
-35 23 116 108 -57 -99 -99 0
90 -106 -7 64 10 -2 -106 4
-107 42 85 68 -109 0 -109 1
-99 79 9 20 57 42 -99 5
-86 -35 26 18 -115 -91 -115 1
-81 -51 49 -126 7 61 -126 2
-67 -121 54 52 -116 59 -121 4
-7 -118 -24 74 -99 109 -118 4
22 123 28 -7 -108 -30 -108 1
-118 8 -98 87 -81 76 -118 5
-10 39 -10 -101 -27 9 -101 2
-122 -119 125 83 -82 60 -122 5
34 109 -122 124 73 -122 -122 3
-45 10 126 -121 44 51 -121 2
-84 69 91 -92 -103 -5 -103 1
6 -128 -80 -9 -113 -80 -128 4
3 -109 56 123 -112 103 -112 1
-117 86 -61 -67 -7 -3 -117 5
61 69 -63 -62 -44 11 -63 3
19 37 -37 -91 117 -90 -91 2
-93 -79 103 -41 65 127 -93 5
66 -75 -110 10 102 56 -110 3
125 45 -108 41 120 19 -108 3
-103 52 78 -16 45 62 -103 5
31 -18 26 -7 -88 107 -88 1
-95 -75 -60 97 25 121 -95 5
51 37 -39 82 -101 85 -101 1
88 -21 -52 11 -109 94 -109 1
72 87 -81 74 3 -19 -81 3
-32 38 103 26 -119 -44 -119 1
-101 -3 -91 121 5 -13 -101 5
101 -115 14 83 26 46 -115 4
37 92 86 -70 6 107 -70 2
78 -100 60 113 -125 102 -125 1
