-115 39 101 -115 2
-72 7 -12 -72 2
-109 -80 -38 -109 2
-119 -22 -86 -119 2
50 -12 -111 -111 0
65 10 -44 -44 0
-9 55 -17 -17 0
17 -70 -60 -70 1
7 -54 -56 -56 0
45 83 -113 -113 0
-60 -103 49 -103 1
-47 -85 33 -85 1
37 -106 -73 -106 1
38 -40 113 -40 1
-125 -25 97 -125 2
-78 113 82 -78 2
-60 -38 73 -60 2
27 -72 82 -72 1
34 12 -82 -82 0
92 -122 -100 -122 1
14 73 -47 -47 0
-62 -60 -19 -62 2
-38 11 -5 -38 2
80 -43 -21 -43 1
40 -90 120 -90 1
80 75 -127 -127 0
93 125 114 93 2
70 -88 22 -88 1
126 -35 -23 -35 1
119 41 -83 -83 0
68 74 72 68 2
-56 -49 89 -56 2
78 98 59 59 0
-96 18 -120 -120 0
-73 -89 -46 -89 1
15 17 15 15 2
119 -54 30 -54 1
106 26 0 0 0
93 80 -56 -56 0
28 -41 -81 -81 0
-126 -89 73 -126 2
98 -120 116 -120 1
-123 5 -40 -123 2
26 22 8 8 0
-15 -89 35 -89 1
3 -36 -109 -109 0
-106 73 109 -106 2
-13 124 -64 -64 0
-57 -17 -81 -81 0
-16 30 118 -16 2
-77 89 -63 -77 2
49 -33 10 -33 1
87 -75 -67 -75 1
111 104 -4 -4 0
-77 107 32 -77 2
22 -30 -90 -90 0
80 28 78 28 1
41 -74 102 -74 1
63 40 126 40 1
-3 -24 30 -24 1
8 83 71 8 2
32 -20 50 -20 1
76 106 60 60 0
-13 61 63 -13 2
9 -16 89 -16 1
-16 40 60 -16 2
-68 58 53 -68 2
-111 -126 -44 -126 1
-39 -119 47 -119 1
73 73 17 17 0
79 4 15 4 1
27 89 -87 -87 0
13 -108 -39 -108 1
-84 -65 -106 -106 0
-50 28 -64 -64 0
-34 81 -65 -65 0
-112 -128 120 -128 1
100 -108 -39 -108 1
122 117 94 94 0
-58 20 -52 -58 2
47 19 43 19 1
-57 -70 55 -70 1
-78 -97 43 -97 1
62 -50 -11 -50 1
104 6 56 6 1
-82 -105 -82 -105 1
-28 1 -32 -32 0
76 -32 -50 -50 0
116 -34 126 -34 1
50 -50 -124 -124 0
-75 88 57 -75 2
-20 -59 -110 -110 0
-110 13 26 -110 2
-88 79 24 -88 2
115 112 -64 -64 0
-85 67 -98 -98 0
-107 72 87 -107 2
-34 -95 7 -95 1
-70 32 -35 -70 2
-121 -42 51 -121 2
