-28 -91 -94 33 -75 118 -88 -94 4
-32 61 -60 73 -100 109 79 -100 2
-109 59 88 112 -49 -14 56 -109 6
7 -88 -51 -78 -76 -113 -116 -116 0
91 74 93 -79 122 -128 58 -128 1
-41 16 -22 -66 69 21 40 -66 3
87 -61 5 94 -21 -83 -101 -101 0
-28 -66 69 -36 62 -107 77 -107 1
88 78 28 -42 -83 -56 -123 -123 0
83 76 -25 114 -15 -128 94 -128 1
21 43 -84 -110 -107 -104 -44 -110 3
6 -76 8 94 22 -80 -48 -80 1
26 -23 102 98 -127 -95 -67 -127 2
33 58 -44 66 115 -29 64 -44 4
16 23 13 -70 -13 -71 -120 -120 0
104 -51 -61 -30 48 56 119 -61 4
42 112 108 59 -7 -16 100 -16 1
51 -76 21 60 21 11 87 -76 5
-34 57 -59 -12 -35 -16 -64 -64 0
-26 -95 23 51 19 -59 -20 -95 5
55 -59 -67 32 -122 89 -68 -122 2
45 -126 59 -44 -23 121 18 -126 5
96 91 39 55 -97 -50 124 -97 2
108 -95 37 -96 -53 103 110 -96 3
53 -4 70 -70 -36 -85 -116 -116 0
43 -6 57 102 78 -68 -78 -78 0
1 -85 88 0 -16 -101 -106 -106 0
94 -50 90 -112 15 36 93 -112 3
-75 79 -116 -26 20 -118 23 -118 1
-43 -40 -52 -19 -63 14 121 -63 2
51 71 -81 62 50 -94 -38 -94 1
71 -75 124 97 -78 -78 4 -78 2
-121 68 45 65 8 91 90 -121 6
-90 90 36 2 -26 51 14 -90 6
39 10 75 127 -21 -64 99 -64 1
-59 -82 -10 -122 79 119 -89 -122 3
-113 29 -107 -11 -21 117 -122 -122 0
121 -96 -40 23 -41 -114 52 -114 1
-51 -107 -11 91 -124 45 56 -124 2
-76 86 96 -31 48 -66 -50 -76 6
-28 -128 -3 -60 40 -122 -67 -128 5
85 67 9 -11 -84 -122 -84 -122 1
12 -96 57 33 65 -119 39 -119 1
-102 74 82 94 -128 59 -48 -128 2
48 104 -86 82 125 67 17 -86 4
122 53 -44 115 75 24 104 -44 4
67 -126 -64 -63 -127 42 -30 -127 2
83 38 107 -47 -77 -62 -93 -93 0
67 76 100 -72 88 84 -70 -72 3
-84 -40 -2 121 113 -68 -15 -84 6
-1 -1 -15 -6 56 -91 88 -91 1
-3 -66 -100 17 50 68 -30 -100 4
-7 -115 52 69 113 126 -105 -115 5
-66 98 -37 54 1 126 27 -66 6
-2 82 -56 -60 -87 -102 86 -102 1
38 -101 -70 85 74 10 31 -101 5
79 38 98 -105 -87 18 -24 -105 3
99 112 -128 -99 -115 85 -25 -128 4
101 124 -11 0 104 -59 94 -59 1
53 -71 68 -49 87 54 108 -71 5
-64 -113 -81 -37 34 -105 74 -113 5
49 -24 41 37 35 -58 -72 -72 0
62 -53 57 95 -112 66 -57 -112 2
23 127 113 -120 44 118 36 -120 3
-27 -14 -49 96 -96 -76 -13 -96 2
-9 21 -19 -62 89 -65 -70 -70 0
53 -83 -3 -112 65 33 22 -112 3
42 -1 126 123 -58 11 -1 -58 2
77 -111 42 99 31 96 47 -111 5
65 -3 -96 31 -100 -83 -112 -112 0
-109 -73 52 -82 94 42 -99 -109 6
110 112 54 -11 50 -6 86 -11 3
-102 119 -45 22 -74 76 27 -102 6
40 6 9 30 -75 -32 61 -75 2
122 -15 116 -24 -123 -14 82 -123 2
-21 -23 -62 44 -68 -111 -77 -111 1
-35 94 -55 -14 -85 -111 -96 -111 1
95 -55 70 -111 -100 32 85 -111 3
99 100 80 114 78 31 -15 -15 0
94 95 -77 30 90 30 -100 -100 0
52 -31 109 63 -41 -106 -77 -106 1
123 54 124 58 -126 -112 101 -126 2
-42 -25 -8 -83 -56 -8 85 -83 3
39 -31 77 -84 88 -21 -95 -95 0
-94 -29 68 -31 60 69 -52 -94 6
-125 -22 -62 1 25 -60 -97 -125 6
105 38 19 -110 49 48 19 -110 3
119 19 22 -9 68 125 -92 -92 0
46 63 -17 101 -27 111 -92 -92 0
-72 -51 80 118 38 30 -53 -72 6
-4 -13 -36 100 -11 -13 89 -36 4
-74 -23 -97 -5 28 13 104 -97 4
63 -78 104 76 -2 124 52 -78 5
-90 -17 -28 -121 74 110 106 -121 3
50 -47 123 -105 -23 50 6 -105 3
50 -91 -109 106 -73 71 94 -109 4
55 5 126 -106 52 87 -22 -106 3
108 -92 117 -126 13 -55 44 -126 3
51 -65 -89 -5 -55 44 10 -89 4
15 19 -3 -54 114 66 -85 -85 0
