-80 42 -37 -106 -106 0
109 -126 101 -117 -126 2
30 6 89 108 6 2
-128 10 15 66 -128 3
78 -18 -73 -108 -108 0
-62 -107 -11 125 -107 2
90 24 -49 1 -49 1
-40 -68 -55 -95 -95 0
-116 34 78 45 -116 3
-43 -66 82 -38 -66 2
-26 -118 54 -107 -118 2
-58 -4 -20 -106 -106 0
-102 53 91 55 -102 3
39 123 5 7 5 1
-109 -23 -25 26 -109 3
107 101 -96 -92 -96 1
-21 -45 -42 -58 -58 0
121 -120 -42 -88 -120 2
114 2 122 -56 -56 0
41 -42 80 -110 -110 0
45 -23 -8 48 -23 2
-53 -29 -50 -93 -93 0
-44 -31 -54 19 -54 1
-95 107 -92 99 -95 3
83 -91 59 9 -91 2
95 -55 55 29 -55 2
75 -44 -19 -81 -81 0
-78 -128 -124 94 -128 2
-114 115 86 38 -114 3
-73 -74 -103 122 -103 1
-90 104 63 -109 -109 0
127 -76 26 7 -76 2
79 0 68 -99 -99 0
-111 103 -66 96 -111 3
-8 106 87 -14 -14 0
104 -30 -48 35 -48 1
69 57 61 -62 -62 0
-15 -38 -82 -76 -82 1
-112 -26 15 66 -112 3
15 41 77 -73 -73 0
100 76 -69 43 -69 1
23 76 -77 -102 -102 0
1 43 -128 57 -128 1
84 -27 123 9 -27 2
-37 -91 117 -84 -91 2
-125 57 85 120 -125 3
27 -61 2 -54 -61 2
88 -78 -124 -100 -124 1
28 -15 102 90 -15 2
-9 94 94 -14 -14 0
-17 126 48 43 -17 3
124 111 -49 55 -49 1
-41 30 -59 -117 -117 0
116 -70 -42 -18 -70 2
-51 104 -32 -48 -51 3
98 56 6 -34 -34 0
-2 87 13 -45 -45 0
59 -121 6 -111 -121 2
72 -51 46 112 -51 2
-22 105 18 -42 -42 0
-63 11 -9 8 -63 3
-51 68 120 63 -51 3
49 59 113 -1 -1 0
54 -95 28 -92 -95 2
-110 -25 122 62 -110 3
-21 -82 -11 -98 -98 0
-105 127 67 -79 -105 3
-90 -68 -115 13 -115 1
34 -42 -47 -54 -54 0
-107 -63 -123 -109 -123 1
-52 -91 125 -4 -91 2
-37 -41 14 22 -41 2
97 7 116 66 7 2
13 -69 113 66 -69 2
97 -4 55 -106 -106 0
-74 78 -120 5 -120 1
-127 -26 28 122 -127 3
-44 24 67 17 -44 3
40 15 -53 114 -53 1
89 -64 36 94 -64 2
-14 32 -62 -121 -121 0
-85 -107 -61 -91 -107 2
48 -85 -46 -58 -85 2
36 9 75 -27 -27 0
102 -93 -97 -65 -97 1
-109 49 -5 -30 -109 3
-52 -33 36 7 -52 3
-71 70 -90 -95 -95 0
-51 -101 45 -74 -101 2
-52 38 51 -18 -52 3
-117 -10 -37 -22 -117 3
-8 -44 29 -42 -44 2
89 117 36 66 36 1
-39 -12 -12 45 -39 3
64 127 80 99 64 3
2 80 -37 10 -37 1
123 -34 125 119 -34 2
121 85 8 70 8 1
-5 68 28 -87 -87 0
56 -106 72 0 -106 2
