48 -78 -78 0
-16 25 -16 1
99 -24 -24 0
31 84 31 1
-103 -56 -103 1
50 61 50 1
-79 75 -79 1
-112 -72 -112 1
-51 -108 -108 0
27 35 27 1
-98 36 -98 1
-96 49 -96 1
-30 81 -30 1
113 -10 -10 0
42 -12 -12 0
80 62 62 0
-31 99 -31 1
-113 35 -113 1
-118 -97 -118 1
118 -33 -33 0
73 -50 -50 0
-27 -34 -34 0
-91 -21 -91 1
58 24 24 0
-116 -68 -116 1
117 -99 -99 0
-105 4 -105 1
-101 113 -101 1
-112 -5 -112 1
88 -101 -101 0
50 -5 -5 0
-25 121 -25 1
47 124 47 1
55 86 55 1
120 66 66 0
70 62 62 0
-72 -43 -72 1
-47 17 -47 1
33 50 33 1
48 -41 -41 0
108 -64 -64 0
124 83 83 0
27 -123 -123 0
-14 -37 -37 0
2 -102 -102 0
-100 103 -100 1
5 -36 -36 0
46 -25 -25 0
35 -27 -27 0
46 -38 -38 0
-76 59 -76 1
87 28 28 0
-18 -58 -58 0
64 -1 -1 0
-82 -120 -120 0
57 -98 -98 0
118 -120 -120 0
117 110 110 0
-79 15 -79 1
111 22 22 0
63 23 23 0
-122 -127 -127 0
45 1 1 0
-22 49 -22 1
-60 -122 -122 0
-68 -42 -68 1
-58 -16 -58 1
113 31 31 0
-12 -118 -118 0
120 -48 -48 0
-45 85 -45 1
28 21 21 0
-80 -4 -80 1
-85 21 -85 1
-30 10 -30 1
-40 -53 -53 0
79 91 79 1
94 17 17 0
50 -48 -48 0
-26 -2 -26 1
27 71 27 1
43 114 43 1
55 -53 -53 0
92 -17 -17 0
-47 7 -47 1
-62 -85 -85 0
25 1 1 0
-94 -29 -94 1
36 5 5 0
101 113 101 1
53 -34 -34 0
-10 -95 -95 0
59 77 59 1
108 65 65 0
-102 -77 -102 1
-23 -9 -23 1
46 17 17 0
-63 -40 -63 1
-115 50 -115 1
-33 53 -33 1
