124 14 43 72 14 2
-59 65 -96 -4 -96 1
-78 -90 55 41 -90 2
-116 40 -70 -58 -116 3
-119 -4 28 69 -119 3
89 -31 -81 3 -81 1
-4 -90 -105 -30 -105 1
-42 -19 127 52 -42 3
5 48 -117 -36 -117 1
-14 1 -115 -81 -115 1
38 -106 123 33 -106 2
96 -124 33 29 -124 2
-28 -53 19 52 -53 2
21 19 -26 -6 -26 1
70 53 -97 -83 -97 1
-50 -3 108 24 -50 3
90 47 -110 -73 -110 1
-120 -57 -89 28 -120 3
-79 -123 1 -111 -123 2
5 -87 110 -1 -87 2
-34 -4 37 15 -34 3
78 15 -3 -114 -114 0
-6 -57 -35 22 -57 2
44 25 116 -21 -21 0
35 19 42 35 19 2
-82 28 86 10 -82 3
-7 124 -79 -60 -79 1
-90 31 11 52 -90 3
31 -107 60 29 -107 2
43 94 94 -121 -121 0
-64 101 57 101 -64 3
25 -54 -1 116 -54 2
7 -28 58 102 -28 2
-116 -121 2 64 -121 2
-90 -126 115 1 -126 2
105 108 94 -124 -124 0
80 -95 63 -89 -95 2
-43 -121 111 -83 -121 2
63 22 -101 -31 -101 1
-68 -105 117 124 -105 2
-81 -85 -87 -55 -87 1
75 -112 19 -121 -121 0
97 -96 47 -113 -113 0
118 26 -47 -73 -73 0
25 37 22 -11 -11 0
116 18 -102 -56 -102 1
32 -30 -21 -45 -45 0
62 8 62 -53 -53 0
-61 112 97 -108 -108 0
19 -65 -15 -89 -89 0
-46 -35 -51 -73 -73 0
-10 -79 -54 -108 -108 0
33 43 -87 79 -87 1
47 -120 70 -97 -120 2
10 -47 17 -125 -125 0
-58 -91 -62 41 -91 2
-22 57 73 15 -22 3
11 -99 4 104 -99 2
-96 65 53 -63 -96 3
17 -73 -77 -28 -77 1
17 -70 -32 -3 -70 2
46 112 -38 -5 -38 1
-90 -20 -10 57 -90 3
125 -9 106 94 -9 2
-52 16 73 -126 -126 0
92 -79 -75 -110 -110 0
115 -44 80 -11 -44 2
-18 -74 -13 111 -74 2
-112 -37 -93 70 -112 3
-102 82 -64 -92 -102 3
-100 58 -128 61 -128 1
-118 -123 -100 49 -123 2
18 -4 73 52 -4 2
45 -125 106 -20 -125 2
-11 -97 4 -102 -102 0
-74 53 -14 -3 -74 3
71 -107 -38 116 -107 2
-101 -74 95 98 -101 3
-109 -61 -104 -42 -109 3
22 -41 -63 108 -63 1
100 6 49 110 6 2
-89 -100 -116 63 -116 1
-52 -87 58 -6 -87 2
-112 -67 24 86 -112 3
-34 -16 109 -51 -51 0
88 37 31 -3 -3 0
52 -112 39 78 -112 2
73 118 66 -43 -43 0
105 52 -23 120 -23 1
-14 -125 -124 83 -125 2
-96 -6 -37 91 -96 3
-91 -43 -51 65 -91 3
-4 -12 68 -102 -102 0
-6 39 104 60 -6 3
38 -88 19 -21 -88 2
74 -23 -123 53 -123 1
-54 -112 90 -102 -112 2
53 -64 -71 -16 -71 1
26 -101 -51 6 -101 2
29 5 121 -120 -120 0
