  60  102   69  -63  116 -101   85 -101  -63    1
 -59   13   32   24  -50   64  -36  -59  -50    6
  36   39   -5 -110 -126  -56   43 -126 -110    2
  20   15   39   55  -76   35   80  -76   15    2
 -52   -4  113   56  -32  -97   46  -97  -52    1
  78  -15  -82  118   84 -114   15 -114  -82    1
 -21  109   25   44  -97  119  -53  -97  -53    2
 -24   52 -102   -8  -41   65   33 -102  -41    4
-107  -82   -8 -119   -9   -8    6 -119 -107    3
 -40  -35   11  -69   49  -79   59  -79  -69    1
 107  -92   11   77   20   74  119  -92   11    5
  47   64 -110  120  -26   45  -42 -110  -42    4
 -51  -57   44   50  -14  -22   71  -57  -51    5
-107  -22  -36   38   24   60 -108 -108 -107    0
  52 -113   60  -88   -3   94 -117 -117 -113    0
 -63  -38 -113  -31   77  -47   33 -113  -63    4
  10  115  -73  -94   47   76 -105 -105  -94    0
   0   87   80   88 -100   45   14 -100    0    2
-103  -96    4   33  -32 -109   24 -109 -103    1
  95  -12   42   23   83 -121   97 -121  -12    1
 -32  -18   24  -53 -118  121   24 -118  -53    2
  38  -88  -50   76   51  -53  -56  -88  -56    5
 114  -59   73   -8   39   23   61  -59   -8    5
-103    8   98  -49  -58   24  -81 -103  -81    6
 -74  -21   98  -22   -5  122  -33  -74  -33    6
  57   -1  -33 -103 -116  -65  -75 -116 -103    2
  17  116   87   58  -34   56  -59  -59  -34    0
   0 -104   38  -16  -26  -12   39 -104  -26    5
 -23   71   48 -106  112  113  -78 -106  -78    3
  82  -70   89  -20   18  113 -115 -115  -70    0
-126   -7   -3  105  -81  107    2 -126  -81    6
-114  -27   30   41 -112  -77  116 -114 -112    6
  36  -17  -20    8  -20   73    6  -20  -20    4
-122   77  -51  -64  -63  -91  -13 -122  -91    6
   7   -1  -23  106   27 -105  -24 -105  -24    1
  82  -18  -65  -44  -84  -51  -97  -97  -84    0
  -2   15   65  -86  -31 -100   56 -100  -86    1
  45   98   52   96   40   86  -24  -24   40    0
 -44   94   69  -80   -6  -88  109  -88  -80    1
  96  -85 -114   10  -39 -107   24 -114 -107    4
 -43  124  -34  -30  -53  -27   10  -53  -43    2
 111   47  -43   31  -65  -46  111  -65  -46    2
   7   36 -110  -88   53   81   33 -110  -88    4
  -7 -116  -76    8   86  124    6 -116  -76    5
 -21  100  110   32   14  -25   98  -25  -21    1
  16   24  121  -42  108   23 -126 -126  -42    0
 -22  -26  -59  100  -61   33   10  -61  -59    2
 -10   45  -61  -63   52 -124  -52 -124  -63    1
 -65   53  -44   38   17   93   63  -65  -44    6
 124 -122  -45  -97   80  110   53 -122  -97    5
 109   72  -96 -117  -30  -55  -62 -117  -96    3
 122   91  -57  -60  -69    2  -36  -69  -60    2
 -82  -53  -85 -105 -100  -29   -4 -105 -100    3
  22    6   42  -47  -41   69   42  -47  -41    3
 -34  -53   83 -128 -105  -84  -45 -128 -105    3
 -40   76 -111   81   25 -103  -64 -111 -103    4
 -54  -35   -3  -61  111   36  -55  -61  -55    3
 -66  -90   73   60   -1   82   53  -90  -66    5
 -20  -41   84  -46  103  -88   82  -88  -46    1
 -62   27   64  -74   82  115  101  -74  -62    3
  -6  -87   67  -79   36   70  102  -87  -79    5
 -95 -116  -87  -90  -24  -27   79 -116  -95    5
 -37    9  123  -28   87   36  -70  -70  -37    0
 -75 -126   16  -16  100  -62  -85 -126  -85    5
  84  -33  -98  110   70 -110   34 -110  -98    1
  69  -40  -36 -123  -99 -114  -64 -123 -114    3
   9  -66   98  -34   35   91   11  -66  -34    5
 -95  -36  103  127  -71  119   43  -95  -71    6
 -73  -52   84 -106  -78  104   20 -106  -78    3
 -44  -68   61   -2   34  -16 -119 -119  -68    0
 -95  -32   -4  -45  -69  -25   36  -95  -69    6
 -36   90   30 -118  -45   65   72 -118  -45    3
 -84  -56 -115   32   46   99 -103 -115 -103    4
 -88  -38  -42   30  -66  -27   16  -88  -66    6
 -97  -16  115   51    4 -111   94 -111  -97    1
  73 -123   12   51   51  -55  121 -123  -55    5
 126  -31   79  110   72  -55   14  -55  -31    1
  24  -35 -111   88 -118  -45   15 -118 -111    2
   4   84   71  116  -52   88  106  -52    4    2
 -60  -12  -39   61 -118   45  -43 -118  -60    2
-104  -55  -72 -107  113   53  -50 -107 -104    3
-126   91  -93   64   58   77  -65 -126  -93    6
  91  -29  -91   -3   14  -64  108  -91  -64    4
 -46   79    1  -36   35  -70  -32  -70  -46    1
  31   -2  123  -23   90 -120  111 -120  -23    1
-103  -22   54 -122   43  -18   64 -122 -103    3
 108  -81    5   83  104   92   89  -81    5    5
-121 -124   39  -36 -112  -18 -107 -124 -121    5
 -47   56  -98  -51 -113   13   57 -113  -98    2
 -15 -127   86   53  -82  114   76 -127  -82    5
  63   18    7 -121  -39  -98 -115 -121 -115    3
 -73   72  -99  -11 -108  -83  -76 -108  -99    2
  29   24  114  -71   82  -21  -25  -71  -25    3
 -56   18   31   45 -108   22   29 -108  -56    2
  84   -4 -112  -33  -64  -33  -79 -112  -79    4
  96  -47   48  110   81  -61   77  -61  -47    1
-124   14  -46 -116  -71  -48  -94 -124 -116    6
  23  101   36  -33   -5   50 -100 -100  -33    0
  32  123   32  -60   18  -86  -52  -86  -60    1
  87  -46   57  -15  -77 -102 -115 -115 -102    0
